At time 1697450057.806598881
- Translation: [0.000, 0.000, 0.000]
- Rotation: in Quaternion [0.000, 0.000, 0.990, 0.138]
- Rotation: in RPY (radian) [0.000, -0.000, 2.864]
- Rotation: in RPY (degree) [0.000, -0.000, 164.108]
- Matrix:
 -0.962 -0.274  0.000  0.000
  0.274 -0.962  0.000  0.000
  0.000  0.000  1.000  0.000
  0.000  0.000  0.000  1.000
At time 1697450058.811946604
- Translation: [0.000, 0.000, 0.000]
- Rotation: in Quaternion [0.000, 0.000, 0.990, 0.138]
- Rotation: in RPY (radian) [0.000, -0.000, 2.864]
- Rotation: in RPY (degree) [0.000, -0.000, 164.108]
- Matrix:
 -0.962 -0.274  0.000  0.000
  0.274 -0.962  0.000  0.000
  0.000  0.000  1.000  0.000
  0.000  0.000  0.000  1.000
At time 1697450059.821484677
- Translation: [0.000, 0.000, 0.000]
- Rotation: in Quaternion [0.000, 0.000, 0.990, 0.138]
- Rotation: in RPY (radian) [0.000, -0.000, 2.864]
- Rotation: in RPY (degree) [0.000, -0.000, 164.108]
- Matrix:
 -0.962 -0.274  0.000  0.000
  0.274 -0.962  0.000  0.000
  0.000  0.000  1.000  0.000
  0.000  0.000  0.000  1.000
At time 1697450060.805920231
- Translation: [0.000, 0.000, 0.000]
- Rotation: in Quaternion [0.000, 0.000, 0.990, 0.138]
- Rotation: in RPY (radian) [0.000, -0.000, 2.864]
- Rotation: in RPY (degree) [0.000, -0.000, 164.108]
- Matrix:
 -0.962 -0.274  0.000  0.000
  0.274 -0.962  0.000  0.000
  0.000  0.000  1.000  0.000
  0.000  0.000  0.000  1.000
At time 1697450061.812558870
- Translation: [0.000, 0.000, 0.000]
- Rotation: in Quaternion [0.000, 0.000, 0.990, 0.138]
- Rotation: in RPY (radian) [0.000, -0.000, 2.864]
- Rotation: in RPY (degree) [0.000, -0.000, 164.108]
- Matrix:
 -0.962 -0.274  0.000  0.000
  0.274 -0.962  0.000  0.000
  0.000  0.000  1.000  0.000
  0.000  0.000  0.000  1.000
At time 1697450062.820184326
- Translation: [0.000, 0.000, 0.000]
- Rotation: in Quaternion [0.000, 0.000, 0.990, 0.138]
- Rotation: in RPY (radian) [0.000, -0.000, 2.864]
- Rotation: in RPY (degree) [0.000, -0.000, 164.108]
- Matrix:
 -0.962 -0.274  0.000  0.000
  0.274 -0.962  0.000  0.000
  0.000  0.000  1.000  0.000
  0.000  0.000  0.000  1.000
At time 1697450063.805194886
- Translation: [0.000, 0.000, 0.000]
- Rotation: in Quaternion [0.000, 0.000, 0.990, 0.138]
- Rotation: in RPY (radian) [0.000, -0.000, 2.864]
- Rotation: in RPY (degree) [0.000, -0.000, 164.108]
- Matrix:
 -0.962 -0.274  0.000  0.000
  0.274 -0.962  0.000  0.000
  0.000  0.000  1.000  0.000
  0.000  0.000  0.000  1.000
At time 1697450064.809023568
- Translation: [0.000, 0.000, 0.000]
- Rotation: in Quaternion [0.000, 0.000, 0.990, 0.138]
- Rotation: in RPY (radian) [0.000, -0.000, 2.864]
- Rotation: in RPY (degree) [0.000, -0.000, 164.108]
- Matrix:
 -0.962 -0.274  0.000  0.000
  0.274 -0.962  0.000  0.000
  0.000  0.000  1.000  0.000
  0.000  0.000  0.000  1.000
At time 1697450065.808701112
- Translation: [0.000, 0.000, 0.000]
- Rotation: in Quaternion [0.000, 0.000, 0.990, 0.138]
- Rotation: in RPY (radian) [0.000, -0.000, 2.864]
- Rotation: in RPY (degree) [0.000, -0.000, 164.108]
- Matrix:
 -0.962 -0.274  0.000  0.000
  0.274 -0.962  0.000  0.000
  0.000  0.000  1.000  0.000
  0.000  0.000  0.000  1.000
At time 1697450066.815624755
- Translation: [0.000, 0.000, 0.000]
- Rotation: in Quaternion [0.000, 0.000, 0.990, 0.138]
- Rotation: in RPY (radian) [0.000, -0.000, 2.864]
- Rotation: in RPY (degree) [0.000, -0.000, 164.108]
- Matrix:
 -0.962 -0.274  0.000  0.000
  0.274 -0.962  0.000  0.000
  0.000  0.000  1.000  0.000
  0.000  0.000  0.000  1.000
At time 1697450067.809863635
- Translation: [0.000, 0.000, 0.000]
- Rotation: in Quaternion [0.000, 0.000, 0.990, 0.138]
- Rotation: in RPY (radian) [0.000, -0.000, 2.864]
- Rotation: in RPY (degree) [0.000, -0.000, 164.108]
- Matrix:
 -0.962 -0.274  0.000  0.000
  0.274 -0.962  0.000  0.000
  0.000  0.000  1.000  0.000
  0.000  0.000  0.000  1.000
At time 1697450068.808011906
- Translation: [0.000, 0.000, 0.000]
- Rotation: in Quaternion [0.000, 0.000, 0.804, 0.594]
- Rotation: in RPY (radian) [0.000, -0.000, 1.870]
- Rotation: in RPY (degree) [0.000, -0.000, 107.120]
- Matrix:
 -0.294 -0.956  0.000  0.000
  0.956 -0.294  0.000  0.000
  0.000  0.000  1.000  0.000
  0.000  0.000  0.000  1.000
At time 1697450069.810455098
- Translation: [0.000, 0.000, 0.000]
- Rotation: in Quaternion [0.000, 0.000, 0.419, 0.908]
- Rotation: in RPY (radian) [0.000, -0.000, 0.864]
- Rotation: in RPY (degree) [0.000, -0.000, 49.516]
- Matrix:
  0.649 -0.761  0.000  0.000
  0.761  0.649  0.000  0.000
  0.000  0.000  1.000  0.000
  0.000  0.000  0.000  1.000
At time 1697450070.817716882
- Translation: [0.182, 0.060, 0.000]
- Rotation: in Quaternion [0.000, 0.000, 0.159, 0.987]
- Rotation: in RPY (radian) [0.000, -0.000, 0.320]
- Rotation: in RPY (degree) [0.000, -0.000, 18.347]
- Matrix:
  0.949 -0.315  0.000  0.182
  0.315  0.949  0.000  0.060
  0.000  0.000  1.000  0.000
  0.000  0.000  0.000  1.000
At time 1697450071.809328654
- Translation: [1.833, 0.551, 0.000]
- Rotation: in Quaternion [0.000, 0.000, 0.135, 0.991]
- Rotation: in RPY (radian) [0.000, -0.000, 0.271]
- Rotation: in RPY (degree) [0.000, -0.000, 15.516]
- Matrix:
  0.964 -0.268  0.000  1.833
  0.268  0.964  0.000  0.551
  0.000  0.000  1.000  0.000
  0.000  0.000  0.000  1.000
At time 1697450072.820390199
- Translation: [2.469, 0.109, 0.000]
- Rotation: in Quaternion [0.000, 0.000, -0.006, 1.000]
- Rotation: in RPY (radian) [0.000, 0.000, -0.013]
- Rotation: in RPY (degree) [0.000, 0.000, -0.730]
- Matrix:
  1.000  0.013  0.000  2.469
 -0.013  1.000 -0.000  0.109
 -0.000  0.000  1.000  0.000
  0.000  0.000  0.000  1.000
At time 1697450073.809793025
- Translation: [1.797, -0.023, 0.000]
- Rotation: in Quaternion [0.000, 0.000, -0.404, 0.915]
- Rotation: in RPY (radian) [0.000, 0.000, -0.832]
- Rotation: in RPY (degree) [0.000, 0.000, -47.648]
- Matrix:
  0.674  0.739  0.000  1.797
 -0.739  0.674 -0.000 -0.023
 -0.000  0.000  1.000  0.000
  0.000  0.000  0.000  1.000
At time 1697450074.802000031
- Translation: [1.861, -0.954, 0.000]
- Rotation: in Quaternion [0.000, 0.000, -0.377, 0.926]
- Rotation: in RPY (radian) [0.000, 0.000, -0.773]
- Rotation: in RPY (degree) [0.000, 0.000, -44.271]
- Matrix:
  0.716  0.698  0.000  1.861
 -0.698  0.716 -0.000 -0.954
 -0.000  0.000  1.000  0.000
  0.000  0.000  0.000  1.000
At time 1697450075.813483860
- Translation: [1.692, -0.492, 0.000]
- Rotation: in Quaternion [0.000, 0.000, -0.410, 0.912]
- Rotation: in RPY (radian) [0.000, 0.000, -0.845]
- Rotation: in RPY (degree) [0.000, 0.000, -48.428]
- Matrix:
  0.664  0.748  0.000  1.692
 -0.748  0.664 -0.000 -0.492
 -0.000  0.000  1.000  0.000
  0.000  0.000  0.000  1.000
At time 1697450076.802368971
- Translation: [1.288, -0.543, 0.000]
- Rotation: in Quaternion [0.000, 0.000, -0.400, 0.916]
- Rotation: in RPY (radian) [0.000, 0.000, -0.824]
- Rotation: in RPY (degree) [0.000, 0.000, -47.193]
- Matrix:
  0.680  0.734  0.000  1.288
 -0.734  0.680 -0.000 -0.543
 -0.000  0.000  1.000  0.000
  0.000  0.000  0.000  1.000
At time 1697450077.813291528
- Translation: [1.947, -0.869, 0.000]
- Rotation: in Quaternion [0.000, 0.000, -0.244, 0.970]
- Rotation: in RPY (radian) [0.000, 0.000, -0.493]
- Rotation: in RPY (degree) [0.000, 0.000, -28.263]
- Matrix:
  0.881  0.474  0.000  1.947
 -0.474  0.881 -0.000 -0.869
 -0.000  0.000  1.000  0.000
  0.000  0.000  0.000  1.000
At time 1697450078.815249627
- Translation: [1.093, -0.212, 0.000]
- Rotation: in Quaternion [0.000, 0.000, -0.500, 0.866]
- Rotation: in RPY (radian) [0.000, 0.000, -1.047]
- Rotation: in RPY (degree) [0.000, 0.000, -60.017]
- Matrix:
  0.500  0.866  0.000  1.093
 -0.866  0.500 -0.000 -0.212
 -0.000  0.000  1.000  0.000
  0.000  0.000  0.000  1.000
At time 1697450079.809967360
- Translation: [0.556, -0.051, 0.000]
- Rotation: in Quaternion [0.000, 0.000, -0.797, 0.604]
- Rotation: in RPY (radian) [0.000, 0.000, -1.845]
- Rotation: in RPY (degree) [0.000, 0.000, -105.710]
- Matrix:
 -0.271  0.963  0.000  0.556
 -0.963 -0.271 -0.000 -0.051
 -0.000  0.000  1.000  0.000
  0.000  0.000  0.000  1.000
At time 1697450080.817800349
- Translation: [-0.106, -1.207, 0.000]
- Rotation: in Quaternion [0.000, 0.000, -0.791, 0.611]
- Rotation: in RPY (radian) [0.000, 0.000, -1.826]
- Rotation: in RPY (degree) [0.000, 0.000, -104.631]
- Matrix:
 -0.253  0.968  0.000 -0.106
 -0.968 -0.253 -0.000 -1.207
 -0.000  0.000  1.000  0.000
  0.000  0.000  0.000  1.000
At time 1697450081.807963176
- Translation: [1.516, -0.550, 0.000]
- Rotation: in Quaternion [0.000, 0.000, -0.136, 0.991]
- Rotation: in RPY (radian) [0.000, 0.000, -0.272]
- Rotation: in RPY (degree) [0.000, 0.000, -15.581]
- Matrix:
  0.963  0.269  0.000  1.516
 -0.269  0.963 -0.000 -0.550
 -0.000  0.000  1.000  0.000
  0.000  0.000  0.000  1.000
At time 1697450082.817311984
- Translation: [0.817, -0.134, 0.000]
- Rotation: in Quaternion [0.000, 0.000, 0.517, 0.856]
- Rotation: in RPY (radian) [0.000, -0.000, 1.086]
- Rotation: in RPY (degree) [0.000, -0.000, 62.252]
- Matrix:
  0.466 -0.885  0.000  0.817
  0.885  0.466  0.000 -0.134
  0.000  0.000  1.000  0.000
  0.000  0.000  0.000  1.000
At time 1697450083.808633125
- Translation: [0.794, 1.391, 0.000]
- Rotation: in Quaternion [0.000, 0.000, 0.593, 0.805]
- Rotation: in RPY (radian) [0.000, -0.000, 1.271]
- Rotation: in RPY (degree) [0.000, -0.000, 72.810]
- Matrix:
  0.296 -0.955  0.000  0.794
  0.955  0.296  0.000  1.391
  0.000  0.000  1.000  0.000
  0.000  0.000  0.000  1.000
At time 1697450084.814272464
- Translation: [2.046, 0.696, 0.000]
- Rotation: in Quaternion [0.000, 0.000, 0.143, 0.990]
- Rotation: in RPY (radian) [0.000, -0.000, 0.287]
- Rotation: in RPY (degree) [0.000, -0.000, 16.453]
- Matrix:
  0.959 -0.283  0.000  2.046
  0.283  0.959  0.000  0.696
  0.000  0.000  1.000  0.000
  0.000  0.000  0.000  1.000
At time 1697450085.808380388
- Translation: [2.484, 0.085, 0.000]
- Rotation: in Quaternion [0.000, 0.000, -0.019, 1.000]
- Rotation: in RPY (radian) [0.000, 0.000, -0.039]
- Rotation: in RPY (degree) [0.000, 0.000, -2.220]
- Matrix:
  0.999  0.039  0.000  2.484
 -0.039  0.999 -0.000  0.085
 -0.000  0.000  1.000  0.000
  0.000  0.000  0.000  1.000
At time 1697450086.814433366
- Translation: [1.231, 0.020, 0.000]
- Rotation: in Quaternion [0.000, 0.000, -0.037, 0.999]
- Rotation: in RPY (radian) [0.000, 0.000, -0.074]
- Rotation: in RPY (degree) [0.000, 0.000, -4.212]
- Matrix:
  0.997  0.073  0.000  1.231
 -0.073  0.997 -0.000  0.020
 -0.000  0.000  1.000  0.000
  0.000  0.000  0.000  1.00
